// Подготовка списка
(.*.:).*.GetNewsHeadline.*.
\1

//
\w+.(\d+).\w+:
\1

\n
|


// Внедрение заголовка
(bftb_news.1.t.*.)"(.*.$)
(news.(1|5|9).t.*.)"(.*.$)

\1"[GetNewsHeadline]\3

// Чек комментария в строке
(_00World_News.(1|2).t.*.)"(.*.)"(.*.$)


================

NSB_soviet_communist_civil_war.008.t
NSB_soviet_communist_civil_war.009.t


// bftb_events_
(bftb_news.(1|2|3|4|5|6|7|8|9|10|11|12|13|14|15|16|201|202|203|204|205|206|207|208|209|301|302|210|303).t.*.)"(.*.$)


// dod_events_
(dod_news.(1|2|3|4).t.*.)"(.*.$)


// events_
( news.(1|5|7|9|10|11|12|13|14|15|17|19|20|21|22|23|24|25|28|30|31|32|33|34|35|36|37|38|39|40|41|42|43|44|45|48|49|55|56|57|59|60|63|64|66|67|69|70|100|101|102|103|104|105|106|107|108|109|110|111|112|117|118|119|120|121|122|123|124|125|126|127|128|132|134|135|137|139|150|151|153|154|155|156|157|159|160|161|163|164|165|166|167|168|169|170|171|172|173|174|175|176|177|178|179|180|181|182|183|184|185|186|187|188|189|190|192|193|194|195|196|197|198|199|200|201|202|203|204|205|206|207|208|209|210|211|212|213|214|215|216|217|218|219|220|221|222|223|224|225|226|228|229|230|231|232|233|234|235|236|237|238|239|240|241|242|243|244|245|246|247|248|249|250|251|252|253|254|260|261|262|263|264|265|270|271|272|273|280|281|282|283|284|285|286|287|288|337|289|290|291|293|294|295|296|297|298|299|300|301|302|303|304|305|306|307|308|309|310|311|312|313|314|315|316|317|318|319|324|320|321|322|323|325|326|327|328|329|330|331|332|333|334|335|336).t.*.)"(.*.$)
(nuke_dropped.(1|2|3|4|5|6|7|8|9|10|11|12|13).t.*.)"(.*.$)
---
(country_capitulated.0.t.*.)"(.*.$)
\1"[GetNewsHeadline]\2


// lar_events_
(lar_news.(1|3|4|5|6|7|8|9|10|11|12|14|15|16|17|19|20|21|22|23|24|25|26|27|28|29|281|291).t.*.)"(.*.$)


// mtg_events_
(mexico.(26|29|31|44|45|46|47).t.*.)"(.*.$)
---
(mtg_britain.82.t.*.)"(.*.$)
\1"[GetNewsHeadline]\2
---
(MTG_naval_treaty.(8|9|73).t.*.)"(.*.$)
(mtg_news.(1|3|4|5|8|10|11|12|14|15|16|17|18|19|20|21|22|23|24|25|26|27|28|29|30|31|32|33|34|35|36|37|38|39|40|41|42|43|44|45|46|47|48|49|50|51|52|53|54|55|56|57|59|62|63|64).t.*.)"(.*.$)


// wtt_events_
news
(wtt_news.(1|2|3|4|5|6|7|8|9|10|11|12|13|16|17|18|19|20|21|22|23|24|25|26|27|30|31|32|33|34|35|36|37|38|39|40|41|42|43|44|45|46|47|48|50|51|53|54|55|56|57|58|59|60|61|62|63|64|65|66|67|68|69|70).t.*.)"(.*.$)


// nsb_news_
(nsb_news.(1|2|3|4|5|6|7|8|9|10|11|12|102|103|104|301|302|303|304|400|401|402|403|404|405|406|407|408|409).t.*.)"(.*.$)
(NSB_soviet_communist_civil_war.(008|009).t.*.)"(.*.$)